0 1 0
1010 2 10
1101 2 13
1111 2 15
10000 2 16
11100 2 28
102 3 11
210 3 21
122 3 17
201 3 19
1000 2 8
130 4 28
312 4 54
201 3 19
220 3 24
1000 2 8
432 5 117
240 5 70
310 4 52
123 4 27
400 5 100
543 6 207
210 3 21
320 4 56
501 6 181
123 4 27
666 7 342
405 6 149
312 4 54
203 4 35
1000 2 8
77 8 63
123 4 27
345 6 137
200 3 18
1000 2 8
88 9 80
123 4 27
456 7 237
100 2 4
1000 2 8
123 4 27
256 7 139
512 6 188
789 10 789
1000 2 8
A0 11 110
B1 12 133
A2 11 112
102 3 11
123 4 27
A3 11 113
B4 12 136
C5 13 161
103 4 19
123 4 27
C0 13 156
B1 12 133
A2 11 112
100 2 4
11C 13 194
C1 13 157
B2 12 134
A3 11 113
100 2 4
12A 11 153
E1 15 211
D2 14 184
C3 13 159
B4 12 136
100 2 4
1A 11 21
2B 12 35
3C 13 51
4D 14 69
100 2 4
10 2 2
11 2 3
12 3 5
13 4 7
1A 11 21
1A 11 21
1B 12 23
1C 13 25
1D 14 27
1E 15 29
1A 11 21
1B 12 23
1C 13 25
1D 14 27
1E 15 29
10 2 2
11 2 3
12 3 5
13 4 7
145 6 65
-134 5 -44
-145 6 -65
